0 0 0 0 0 0 0 0 0 0 0 0 0 0 0 0 0 0 0 0 0 0 0 0 0 0 0 272 274 283 289 290 297 299 308 310 323 324 326 334 340 342 343 344 347 353 357 358 387 396 399 403 410 426 437 458 470 488 513 518 520 527 531 539 582 590 599 635 647 679 689 694 698 702 710 712 760 763 775 798 816 844 861 870 898 945 957 1044 71635 73069 75326 79409 83668 86653 86851 89493 92159 98263 112945 113085 
0 0 0 0 0 0 0 0 0 0 0 0 0 0 0 0 0 0 0 0 0 0 0 0 0 0 0 0 0 272 274 283 289 290 297 299 308 310 323 323 326 334 340 342 343 344 347 353 357 358 387 396 399 403 410 426 437 458 470 488 513 518 520 527 531 539 582 590 599 635 647 679 689 693 698 702 710 712 760 763 775 798 816 844 861 870 898 945 957 1044 69590 70798 71406 72070 72221 72681 73495 77138 84947 96995 
0 0 0 0 0 0 0 0 0 0 0 0 0 0 0 0 0 0 0 0 0 0 0 0 0 0 0 0 0 0 0 208 220 223 228 229 235 237 243 246 264 264 267 269 272 275 280 282 283 284 284 293 319 322 326 331 332 346 355 357 375 385 393 395 420 420 423 432 446 475 503 523 528 531 531 542 545 579 597 601 604 615 643 646 665 708 712 750 819 826 861 945 48002 51742 53156 53474 57875 60436 60557 71948 
0 0 0 0 0 0 0 0 0 0 0 0 0 0 0 0 0 0 0 0 0 0 0 0 0 0 0 0 0 0 0 0 272 273 283 288 290 297 299 308 310 323 323 325 334 340 342 343 344 347 353 357 358 387 396 399 403 410 425 437 458 470 488 513 518 520 527 530 539 582 590 599 635 647 679 689 693 698 702 710 712 760 763 775 798 816 844 861 870 898 945 957 1044 6995 7758 8284 9241 9286 9804 96896 
0 0 0 0 0 0 0 0 0 0 0 0 0 0 0 0 0 0 306 309 312 327 332 342 347 349 350 354 359 364 367 373 376 378 381 386 388 391 396 433 437 446 448 454 482 490 517 535 552 566 583 585 588 598 623 635 677 682 711 712 733 753 763 769 780 784 790 836 847 855 861 870 884 898 918 945 956 957 1192 3698 4059 4536 4857 5022 5258 5321 5640 5731 5777 5944 6147 6164 6409 6451 6569 6692 7229 7335 8195 8581 
0 0 0 0 0 0 0 0 0 0 0 0 0 0 0 0 0 0 0 0 0 0 0 0 0 0 0 0 0 0 0 0 0 0 0 0 0 0 0 0 0 0 0 0 105 111 136 150 154 158 165 168 172 172 176 177 180 182 194 208 212 221 221 242 262 360 382 461 551 7184 8181 8308 9615 15169 16378 18351 18649 20112 20463 21863 22759 24245 24365 24660 28151 30493 32841 34072 34232 34267 36041 37008 52826 58008 58212 65504 68592 77662 78839 83489 
0 0 0 0 0 0 0 0 0 0 0 0 0 0 0 0 0 0 0 0 0 0 0 0 0 0 0 0 0 0 0 0 0 0 0 0 0 0 0 0 0 0 0 0 0 0 0 0 0 0 0 0 0 0 0 0 0 0 0 0 0 105 110 136 150 154 158 165 168 172 172 176 177 180 182 194 208 212 221 221 242 262 360 382 461 551 5905 6765 16426 18562 20020 20618 22010 23825 30984 33877 38755 40779 52743 58268 
0 0 0 0 0 0 0 0 0 0 0 0 0 0 0 0 0 0 0 0 0 0 0 0 0 0 0 0 0 0 0 0 0 0 0 0 0 0 0 0 0 0 0 0 0 0 0 0 0 0 0 0 0 0 0 0 0 0 0 0 0 0 0 0 0 0 0 0 105 110 136 150 154 158 165 168 172 172 176 177 180 181 194 208 212 221 221 242 262 360 382 461 550 5663 5691 24124 29294 30124 30394 49212 
0 0 0 0 0 0 0 0 0 0 0 0 0 0 0 0 0 0 0 0 0 0 0 0 0 0 0 0 0 0 0 0 0 0 0 0 0 0 0 0 0 0 0 0 0 0 0 0 0 0 0 0 0 0 0 0 0 0 0 0 0 0 0 0 0 0 0 0 0 0 0 0 0 0 0 0 0 0 0 0 0 0 0 0 0 0 0 0 0 0 0 0 0 0 0 0 0 0 0 0 
0 0 0 0 0 0 0 0 0 0 0 0 0 0 0 0 0 0 0 0 0 0 0 0 0 0 0 0 0 0 0 0 0 0 0 0 0 0 0 0 0 0 0 0 0 0 0 0 0 0 0 0 0 0 0 0 0 0 0 0 0 0 0 0 0 0 0 0 0 0 0 0 0 0 0 0 0 0 0 0 0 0 0 0 0 0 0 0 0 0 0 0 0 0 0 0 0 0 0 0 
0 0 0 0 0 0 0 0 0 0 0 0 0 0 0 0 0 0 0 0 0 0 0 0 0 0 0 0 0 0 0 0 0 0 0 0 0 0 0 0 0 0 0 0 0 0 0 0 0 0 0 0 0 0 0 0 0 0 0 0 0 0 0 0 0 0 0 0 0 0 0 0 0 0 0 0 0 0 0 0 0 0 0 0 0 0 0 0 0 0 0 0 0 0 0 0 0 0 0 0 
0 0 0 0 0 0 0 0 0 0 0 0 0 0 0 0 0 0 0 0 0 0 0 0 0 0 0 0 0 0 0 0 0 0 0 0 0 0 0 0 0 0 0 0 0 0 0 0 0 0 0 0 0 0 0 0 0 0 0 0 0 0 0 0 0 0 0 0 0 0 0 0 0 0 0 0 0 0 0 0 0 0 0 0 0 0 0 0 0 0 0 0 0 0 0 0 0 0 0 0 
0 0 0 0 0 0 0 0 0 0 0 0 0 0 0 0 0 0 0 0 0 0 0 0 0 0 0 0 0 0 0 0 0 0 0 0 0 0 0 0 0 0 0 0 0 0 0 0 0 0 0 0 0 0 0 0 0 0 0 0 0 0 0 0 0 0 0 0 0 0 0 0 0 0 0 0 0 0 0 0 0 0 0 0 0 0 0 0 0 0 0 0 0 0 0 0 0 0 0 0 
0 0 0 0 0 0 0 0 0 0 0 0 0 0 0 0 0 0 0 0 0 0 0 0 0 0 0 0 0 0 0 0 0 0 0 0 0 0 0 0 0 0 0 0 0 0 0 0 0 0 0 0 0 0 0 0 0 0 0 0 0 0 0 0 0 0 0 0 0 0 0 0 0 0 0 0 0 0 0 0 0 0 0 0 0 0 0 0 0 0 0 0 0 0 0 0 0 0 0 0 
0 0 0 0 0 0 0 0 0 0 0 0 0 0 0 0 0 0 0 0 0 0 0 0 0 0 0 0 0 0 0 0 0 0 0 0 0 0 0 0 0 0 0 0 0 0 0 0 0 0 0 0 0 0 0 0 0 0 0 0 0 0 0 0 0 0 0 0 0 0 0 0 0 0 0 0 0 0 0 0 0 0 0 0 0 0 0 0 0 0 0 0 0 0 0 0 0 0 0 0 
0 0 0 0 0 0 0 0 0 0 0 0 0 0 0 0 0 0 0 0 0 0 0 0 0 0 0 0 0 0 0 0 6 7 7 7 7 8 8 8 8 8 8 8 8 8 9 9 9 9 9 10 10 10 11 11 12 13 13 14 17 20 22 28 32 479 764 771 791 887 900 903 904 993 1040 1050 1053 1115 1122 1153 1161 1217 1281 1301 1341 1412 1474 1497 1598 1728 1791 1901 2051 2308 2566 2992 3058 3123 3180 3427 
0 0 0 0 0 0 0 0 0 0 0 0 0 0 0 0 0 0 0 0 0 0 0 0 0 0 0 0 0 0 0 0 0 0 0 0 0 0 0 0 0 0 0 0 0 0 0 0 0 0 0 0 0 0 0 0 0 0 0 0 0 0 0 0 0 0 0 0 0 0 0 0 0 0 0 0 0 0 0 0 0 0 0 0 0 0 0 0 0 0 0 0 0 0 0 0 0 0 0 0 
0 0 0 0 0 0 0 0 0 0 0 0 0 0 0 0 0 0 0 0 0 0 0 0 0 0 0 0 0 0 0 0 0 0 0 0 0 0 0 0 0 0 0 0 0 0 0 0 0 0 0 0 0 0 0 0 0 0 0 0 0 0 0 0 0 0 0 0 0 0 0 0 0 0 0 0 0 0 0 0 0 0 0 0 0 0 0 0 0 0 0 0 0 0 0 0 0 0 0 0 
0 0 0 0 0 0 0 0 0 0 0 0 0 0 0 0 0 0 0 0 0 0 0 0 0 0 0 0 0 0 0 0 0 0 0 0 0 0 0 0 0 0 0 0 0 0 0 0 0 0 0 0 0 0 0 0 0 0 0 0 0 0 0 0 0 0 0 0 0 0 0 0 0 0 0 0 0 0 0 0 0 0 0 0 0 0 0 0 0 0 0 0 0 0 0 0 0 0 0 0 
0 0 0 0 0 0 0 0 0 0 0 0 0 0 0 0 0 0 0 0 0 0 0 0 0 0 0 0 0 0 0 0 0 0 0 0 0 0 0 0 0 0 0 0 0 0 0 0 0 0 0 0 0 0 0 0 0 0 0 0 0 0 0 0 0 0 0 0 0 0 0 0 0 0 0 0 0 0 0 0 0 1609 1686 1726 1813 1849 1990 2251 2748 3177 3466 5461 5752 5784 7078 8470 9689 9723 11191 12137 
0 0 0 0 0 0 0 0 0 0 0 0 0 0 0 0 0 0 0 0 0 0 0 0 0 0 0 0 0 0 0 0 0 0 0 0 0 0 0 0 0 0 0 0 0 0 0 0 0 0 0 0 0 0 0 0 0 0 0 0 0 0 0 0 0 0 0 0 0 0 0 0 0 0 0 0 0 0 0 0 0 0 0 0 0 0 1169 1643 1725 1923 2194 2493 3064 3361 3580 3599 4326 4383 5292 6133 
0 0 0 0 0 0 0 0 0 0 0 0 0 0 0 0 0 0 0 0 0 0 0 0 0 0 0 0 0 0 0 0 0 0 0 0 0 0 0 0 0 0 0 0 0 0 0 0 0 0 0 0 0 0 0 0 0 0 0 0 0 0 0 0 0 0 0 0 0 105 110 136 150 153 158 165 168 171 172 176 177 180 181 194 208 212 221 221 242 262 360 382 461 550 4200 7988 9082 9369 9613 14968 
0 0 0 0 0 0 0 0 0 0 0 0 0 0 0 0 0 0 0 0 0 0 0 0 0 0 0 0 0 0 337 357 367 375 388 393 440 445 454 457 465 471 480 482 490 492 507 516 525 525 535 538 551 557 562 569 571 583 588 598 616 622 623 677 688 693 711 712 733 753 763 769 778 780 782 784 836 847 847 855 861 884 898 913 945 957 1192 1200 1347 1398 1418 2092 3875 4161 5291 7296 20347 34940 67567 70227 
0 0 0 0 0 0 0 0 0 0 0 0 0 0 0 0 0 0 0 0 0 0 0 0 0 0 0 0 0 0 0 0 0 337 357 367 375 388 393 440 445 453 457 465 471 480 482 490 492 506 516 524 525 534 538 551 557 562 569 571 583 588 598 616 622 623 677 688 692 711 712 732 752 763 769 776 779 782 784 836 846 847 854 861 883 898 913 945 957 1191 1200 1347 1398 1418 5333 6106 6250 6740 85136 86515 
0 0 0 0 0 0 0 0 0 0 0 0 0 0 0 0 0 0 0 0 0 0 0 0 0 0 0 0 0 0 0 0 0 0 0 0 0 312 315 322 337 340 348 356 357 361 361 367 372 375 381 385 387 388 389 393 395 402 439 445 453 456 467 482 490 524 534 563 578 583 588 598 604 623 651 677 692 710 712 732 752 763 769 779 782 818 836 847 854 861 870 883 898 940 945 957 988 1191 13157 88436 
0 0 0 0 0 0 0 0 0 0 0 0 0 0 0 0 0 0 0 0 0 0 0 0 0 0 0 0 0 0 0 0 0 0 0 0 0 0 311 315 322 336 340 348 356 357 361 361 367 372 374 381 385 387 388 389 393 395 402 439 445 453 456 466 482 490 524 534 563 578 582 588 598 604 623 651 677 691 710 712 732 752 763 769 779 782 818 835 847 853 861 870 883 898 939 945 957 988 1191 81280 
0 0 0 0 0 0 0 0 0 0 0 0 0 0 0 0 0 0 0 0 0 0 0 0 0 0 0 0 0 0 0 0 0 0 0 0 0 336 356 367 374 386 392 439 445 453 457 465 471 479 482 490 492 505 515 524 525 534 537 551 557 562 569 570 582 588 598 616 621 623 677 687 691 710 712 732 752 763 769 773 778 782 782 835 846 847 853 861 883 898 912 945 957 1191 1200 1346 1397 1417 17223 69400 
0 0 0 0 0 0 0 0 0 0 0 0 0 0 0 0 0 0 0 0 0 0 0 0 0 0 0 0 0 0 0 0 0 0 0 0 0 0 66 80 83 83 98 100 103 107 108 113 114 121 124 133 139 144 145 151 174 177 185 193 196 199 200 203 207 208 214 223 224 226 234 238 245 246 246 249 249 252 257 273 275 281 283 300 311 314 318 319 328 328 337 340 353 388 409 623 635 726 892 20679 
0 0 0 0 0 0 0 0 0 0 0 0 0 0 0 198 287 299 305 415 423 425 449 450 460 461 470 471 483 484 493 500 503 508 517 518 527 543 578 581 587 593 633 655 657 675 697 710 727 732 734 740 742 783 787 817 822 832 835 844 864 873 918 927 943 962 962 1022 1033 1037 1069 1076 1087 1106 1141 1147 1157 1233 1234 1298 1391 5966 6070 7000 7515 7655 7693 8566 8638 9239 13036 14553 15697 15874 16813 17607 19898 22154 22748 26192 
0 0 0 0 0 0 0 0 0 0 0 0 0 0 0 0 0 0 0 0 0 0 0 0 0 0 198 287 299 304 415 423 425 448 450 460 461 470 470 483 484 493 500 502 508 517 518 526 543 578 580 586 593 633 655 656 673 695 710 727 732 734 740 742 783 787 817 822 832 835 843 864 873 918 927 943 961 961 1022 1033 1037 1068 1076 1087 1106 1141 1147 1157 1233 1234 1298 1391 6471 7108 8601 9738 10293 10704 14379 16024 
0 0 0 0 0 0 0 0 0 0 0 0 0 0 0 0 0 0 0 0 0 0 0 0 0 0 0 0 0 0 0 0 0 198 287 299 304 356 370 388 390 405 409 411 419 422 423 427 429 444 447 448 450 458 464 475 489 491 531 542 546 565 582 595 597 602 625 652 658 658 672 679 683 690 728 739 740 749 761 763 774 793 805 868 882 961 963 964 983 1022 1029 1033 1037 1051 1068 1106 1152 1190 1194 10783 
0 0 0 0 0 0 0 0 0 0 0 0 0 0 0 0 0 0 0 0 0 0 0 0 0 0 0 0 0 198 287 299 304 415 423 460 507 526 575 578 585 585 593 603 606 608 633 646 650 652 654 660 661 671 686 710 722 726 732 734 741 787 801 816 820 821 832 835 843 864 873 877 884 898 917 926 942 961 1001 1022 1024 1037 1068 1075 1139 1147 1156 1232 1233 1298 1343 1391 1464 1544 1581 4925 5568 6042 6115 9455 
0 0 0 0 0 0 0 0 0 0 0 0 0 0 0 0 0 0 0 0 0 0 0 0 0 0 0 0 0 0 0 0 0 198 287 299 304 414 423 424 445 450 460 460 469 470 483 484 493 498 501 507 515 518 526 540 578 580 585 592 633 655 655 673 693 709 726 732 734 739 741 782 786 816 821 832 835 843 864 873 917 926 942 961 961 1022 1032 1037 1068 1075 1086 1106 1139 1147 1156 1232 1233 1298 1391 5207 
0 0 0 0 0 0 0 0 0 0 0 0 0 0 0 0 0 0 0 0 0 0 0 0 0 0 0 0 0 0 0 0 0 0 0 0 0 0 0 0 0 0 0 0 0 0 0 0 0 0 0 0 0 0 0 0 0 0 0 0 0 0 0 0 0 0 0 0 0 0 0 0 0 0 0 0 0 0 0 0 0 0 0 0 0 0 0 0 0 0 0 0 0 0 0 0 0 0 0 0 
0 0 0 0 0 0 0 0 0 0 0 0 0 0 0 0 0 0 0 0 0 0 0 0 0 0 0 0 0 0 0 0 0 0 0 0 0 0 0 0 0 0 0 0 0 0 0 0 0 0 0 0 0 0 0 0 0 0 0 0 0 0 0 0 0 0 0 0 0 0 0 0 0 0 0 0 0 0 0 0 0 0 0 0 0 0 0 0 0 0 0 0 0 0 0 0 0 0 0 0 
0 0 0 0 0 0 0 0 0 0 0 0 0 0 0 0 0 0 0 0 0 0 0 0 0 0 0 0 0 0 0 0 0 0 0 0 0 0 0 0 0 0 0 0 0 0 0 0 0 0 0 0 0 0 0 0 0 0 0 0 0 0 0 0 0 0 0 0 0 0 0 0 0 0 0 0 0 0 0 0 0 0 0 0 0 0 0 0 0 0 0 0 0 0 0 0 0 0 0 0 
0 0 0 0 0 0 0 0 0 0 0 0 0 0 0 0 0 0 0 0 0 0 0 0 0 0 0 0 0 0 0 0 0 0 0 0 0 0 0 0 0 0 0 0 0 0 0 0 0 0 0 0 0 0 0 0 0 0 0 0 0 0 0 0 0 0 0 0 0 0 0 0 0 0 0 0 0 0 0 0 0 0 0 0 0 0 0 0 0 0 0 0 0 0 0 0 0 0 0 0 
0 0 0 0 0 0 0 0 0 0 0 0 0 0 0 0 0 0 0 0 0 0 0 0 0 0 0 0 0 0 0 0 0 0 0 0 0 0 0 0 0 0 0 0 0 0 0 0 0 0 0 0 0 0 0 0 0 0 0 0 0 0 0 0 0 0 0 0 0 0 0 0 0 0 0 0 0 0 0 0 0 0 0 0 0 0 0 0 0 0 0 0 0 0 0 0 0 0 0 0 
0 0 0 0 0 0 0 0 0 0 0 0 0 0 0 0 0 0 0 0 0 0 0 0 0 0 0 0 0 0 0 0 0 0 59 62 80 83 89 96 101 103 104 110 110 113 117 117 120 124 129 132 134 135 139 142 143 145 146 148 159 161 163 164 164 171 176 180 182 182 186 187 188 190 198 199 200 201 201 210 211 228 229 252 258 273 287 288 288 289 296 298 299 304 311 318 423 466 516 10842 
0 0 0 0 0 0 0 0 0 0 0 0 0 0 0 0 0 0 0 0 0 0 0 0 0 0 0 0 0 0 0 0 0 0 0 59 62 80 83 89 96 101 103 103 110 110 113 117 117 120 124 129 132 134 135 139 142 143 145 146 148 159 161 163 164 164 171 176 180 182 182 186 187 188 190 198 199 200 200 201 210 211 228 228 252 258 273 287 287 288 289 296 298 299 304 311 318 423 465 516 
0 0 0 0 0 0 0 0 0 0 0 0 0 0 0 0 0 0 0 0 0 0 0 0 0 0 0 0 0 0 0 0 0 0 114 126 130 149 160 164 167 171 172 174 176 183 185 190 195 195 197 198 199 213 214 217 224 233 234 234 237 250 250 265 267 274 277 283 287 288 298 304 304 308 308 308 308 311 312 314 315 319 323 325 328 332 336 338 345 347 361 380 382 398 415 418 423 455 586 627 
0 0 0 0 0 0 0 0 0 0 0 0 0 0 0 0 0 0 0 0 0 0 0 0 0 0 0 0 0 0 0 0 0 0 0 0 0 0 0 66 67 73 74 75 77 78 79 80 81 83 83 84 85 87 91 95 97 98 98 100 103 107 107 107 113 114 119 121 124 129 133 139 144 145 145 146 148 150 174 177 193 198 200 203 207 214 223 224 225 252 253 265 265 280 300 314 328 337 343 353 
0 0 0 0 0 0 0 0 0 0 0 0 0 0 0 0 0 0 0 0 0 0 0 0 0 0 0 0 0 0 0 0 0 0 0 0 0 0 0 0 0 0 0 0 0 0 0 0 0 0 0 0 0 0 0 0 0 0 0 0 0 0 0 0 0 0 0 0 0 0 0 0 0 0 0 0 0 0 0 0 0 0 0 0 0 0 0 0 0 0 0 0 0 0 0 0 0 0 0 0 
0 0 0 0 0 0 0 0 0 0 0 0 0 0 0 0 0 0 0 0 0 0 0 0 0 0 0 0 0 0 0 0 0 0 0 0 0 0 228 228 264 274 281 284 317 320 331 342 345 354 356 372 375 377 387 387 393 402 410 412 419 420 425 431 434 437 448 450 464 474 496 501 513 522 530 531 541 545 545 579 594 597 599 603 614 643 644 662 707 712 749 818 826 861 910 945 959 1124 1256 36845 
0 0 0 0 0 0 0 0 0 0 0 0 0 0 0 0 0 0 0 0 0 0 0 0 0 0 0 0 0 0 0 0 0 0 0 0 0 0 0 0 0 0 0 0 0 0 0 0 0 0 0 0 0 0 0 0 0 0 0 0 0 0 0 0 0 0 0 0 0 0 0 0 0 0 0 0 0 0 0 0 0 0 0 0 0 0 0 0 0 0 0 0 0 0 0 0 0 0 0 0 
0 0 0 0 0 0 0 0 0 0 0 0 0 0 0 0 0 0 0 0 0 0 0 0 0 0 0 0 0 0 0 0 0 0 0 58 62 80 83 89 96 101 103 103 110 110 113 117 117 120 124 129 132 134 134 139 142 143 145 146 147 159 161 163 164 164 171 175 180 182 182 186 187 188 190 198 199 200 200 201 210 211 228 228 252 258 273 287 287 287 289 296 298 298 304 311 318 422 465 516 
0 0 0 0 0 0 0 0 0 0 0 0 0 0 0 0 0 0 0 0 0 0 0 0 0 0 0 0 0 0 0 0 0 0 198 215 254 262 275 275 279 279 284 286 287 288 298 304 305 309 310 313 315 330 330 335 337 360 381 382 384 391 392 396 399 399 422 425 439 440 453 466 486 486 489 499 506 507 512 522 522 530 531 535 546 558 583 664 668 669 672 684 690 710 714 736 740 755 910 916 
0 0 0 0 0 0 0 0 0 0 0 0 0 0 0 0 0 0 0 0 0 0 0 0 0 0 0 0 0 0 0 0 0 0 0 0 0 0 0 207 219 222 228 228 234 237 243 244 263 264 267 267 271 274 278 281 281 284 284 292 317 320 325 331 331 345 353 356 375 383 392 393 419 420 420 430 446 474 501 522 528 529 530 541 545 579 597 600 603 613 643 644 663 708 711 749 818 826 861 945 
0 0 0 0 0 0 0 0 0 0 0 0 0 0 0 0 0 0 0 0 0 0 0 0 0 0 0 0 0 0 0 0 0 0 0 0 0 0 287 294 322 334 341 345 385 393 401 408 425 432 432 435 439 442 457 465 466 467 472 475 501 514 514 518 521 525 529 533 538 561 576 589 595 629 633 644 676 689 695 695 700 708 711 716 758 762 765 773 795 841 861 897 945 955 1044 1075 1173 1301 1417 11440 
0 0 0 0 0 0 0 0 0 0 0 0 0 0 0 0 0 0 0 0 0 0 0 0 0 0 0 0 0 0 0 0 0 0 0 0 0 0 0 207 219 222 227 228 234 237 243 244 263 264 266 267 271 273 277 281 281 283 284 292 317 320 325 331 331 344 353 355 375 382 392 393 419 420 420 430 446 474 501 522 528 529 530 540 545 579 597 600 603 613 643 644 663 708 711 749 818 826 861 945 
0 0 0 0 0 0 0 0 0 0 0 0 0 0 0 0 0 0 0 0 0 0 0 0 0 0 0 0 0 0 0 0 0 0 0 0 0 0 0 245 247 255 258 258 268 269 276 281 289 293 296 301 303 307 308 308 314 322 324 326 351 354 365 366 370 373 398 417 417 419 439 463 468 470 471 482 506 540 555 594 595 598 617 625 627 643 664 692 699 702 708 711 712 764 861 869 897 938 945 955 
0 0 0 0 0 0 0 0 0 0 0 0 0 0 0 0 0 0 0 0 0 0 0 0 0 0 0 0 0 0 0 0 0 0 0 0 0 0 0 118 120 122 125 131 131 132 136 137 138 138 145 146 146 147 151 152 153 156 161 166 167 178 181 182 186 196 203 208 214 225 227 230 235 236 237 248 253 256 264 271 286 292 299 300 302 303 308 328 337 343 353 353 359 366 367 396 457 468 518 534 
0 0 0 0 0 0 0 0 0 0 0 0 0 0 0 0 0 0 0 0 0 0 0 0 0 0 0 0 0 0 0 0 0 0 0 0 0 0 0 118 120 122 125 130 131 132 136 137 138 138 145 146 146 147 151 151 153 156 161 166 167 178 180 182 186 196 203 208 214 225 227 230 235 236 237 248 253 256 264 270 286 292 299 300 302 302 308 328 337 343 353 353 358 366 367 396 457 468 518 533 
0 0 0 0 0 0 0 0 0 0 0 0 0 0 0 0 0 0 0 0 0 0 0 0 0 0 0 0 0 0 0 0 0 0 0 0 0 0 0 118 120 122 125 130 131 132 136 137 138 138 144 146 146 147 151 151 153 156 161 166 167 178 180 182 186 196 203 208 214 225 227 230 235 236 237 248 252 256 264 270 286 292 299 300 302 302 307 328 337 343 353 353 358 365 367 396 457 468 518 532 
0 0 0 0 0 0 0 0 0 0 0 0 0 0 0 0 0 0 0 0 0 0 0 0 0 0 0 0 0 0 0 0 0 0 0 0 0 0 0 207 219 222 227 228 233 237 242 244 263 264 266 267 271 273 277 280 281 282 282 292 317 319 324 330 331 344 352 355 374 382 392 393 419 420 420 430 446 474 500 522 527 529 530 539 545 579 596 600 603 613 642 643 663 708 711 749 817 824 861 945 
0 0 0 0 0 0 0 0 0 0 0 0 0 0 0 0 0 0 0 0 0 0 0 0 0 0 0 0 0 0 0 0 0 0 198 215 253 262 274 275 279 279 284 286 286 288 298 304 305 309 310 312 314 330 330 335 336 360 380 382 384 391 392 396 398 399 422 425 438 438 453 466 485 486 489 499 505 507 512 519 522 529 531 535 545 558 583 664 668 669 672 684 690 709 714 735 739 755 910 916 
0 0 0 0 0 0 0 0 0 0 0 0 0 0 0 0 0 0 0 0 0 0 0 0 0 0 0 0 0 0 0 0 0 0 0 0 0 0 0 144 144 149 151 155 155 157 161 164 176 177 180 184 184 193 193 194 197 199 201 209 209 212 218 219 222 224 239 247 260 278 279 286 288 290 291 294 298 301 303 309 323 324 334 358 375 393 399 399 400 428 437 440 445 458 498 508 525 551 560 569 
0 0 0 0 0 0 0 0 0 0 0 0 0 0 0 0 0 0 0 0 0 0 0 0 0 0 0 0 0 0 0 0 0 0 198 286 298 304 411 421 422 445 450 457 460 466 467 480 484 491 497 498 506 515 517 525 539 577 580 584 590 629 653 654 672 692 708 723 729 731 737 740 779 784 814 820 831 833 841 863 870 916 926 941 956 959 1021 1031 1035 1067 1073 1083 1104 1138 1145 1154 1231 1231 1297 1386 
0 0 0 0 0 0 0 0 0 0 0 0 0 0 0 0 0 0 0 0 0 0 0 0 0 0 0 0 0 0 0 0 0 0 0 0 0 0 81 82 85 86 92 92 94 95 96 97 98 99 101 102 103 103 105 110 110 111 112 115 116 118 119 126 135 137 140 148 149 150 160 161 164 167 168 176 176 177 178 185 186 188 190 200 202 208 210 219 229 242 253 254 262 268 355 365 8373 17923 19114 20894 
0 0 0 0 0 0 0 0 0 0 0 0 0 0 0 0 0 0 0 0 0 0 0 0 0 0 0 0 0 0 0 0 0 0 0 0 0 0 0 0 0 0 25 26 28 31 31 31 32 33 34 35 37 38 38 38 39 39 39 41 42 43 43 44 49 50 52 52 52 53 54 56 57 58 58 63 63 65 65 67 72 73 73 74 74 76 78 81 83 84 86 87 91 97 97 140 148 5279 5820 6910 
0 0 0 0 0 0 0 0 0 0 0 0 0 0 0 0 0 0 0 0 0 0 0 0 0 0 0 0 0 0 0 0 0 0 0 0 0 0 0 0 0 0 50 55 55 57 58 58 61 64 64 67 67 67 67 68 70 70 73 73 74 75 79 79 80 81 87 90 91 96 97 110 111 112 114 118 118 122 122 123 124 126 129 132 133 136 136 139 145 146 151 152 163 178 189 252 254 3116 3973 4125 
0 0 0 0 0 0 0 0 0 0 0 0 0 0 0 0 0 0 0 0 0 0 0 0 0 0 0 0 0 0 0 0 0 0 0 0 0 0 265 295 297 333 337 339 363 366 378 385 390 407 410 418 433 433 442 455 460 465 470 475 482 487 488 495 505 507 508 509 512 547 560 561 565 573 580 610 619 621 655 663 666 674 685 707 710 726 733 740 749 755 772 778 860 897 991 1097 1192 1198 1343 1416 
0 0 0 0 0 0 0 0 0 0 0 0 0 0 0 0 0 0 0 0 0 0 0 0 0 0 0 0 0 0 0 0 0 0 0 0 0 0 0 0 0 0 0 0 0 0 0 0 0 0 0 0 0 0 0 0 0 0 5 6 6 6 7 7 7 8 8 8 8 8 8 8 8 8 9 9 9 9 10 10 10 11 12 12 13 13 17 19 21 28 32 347 380 381 1114 1156 1237 1275 1568 1610 
0 0 0 0 0 0 0 0 0 0 0 0 0 0 0 0 0 0 0 0 0 0 0 0 0 0 0 0 0 0 0 0 0 0 0 0 0 0 0 0 0 0 0 0 0 0 0 0 0 0 0 0 0 0 0 0 0 0 0 0 5 6 6 6 7 7 7 7 8 8 8 8 8 8 8 8 9 9 9 9 10 10 10 11 12 12 13 13 17 19 21 27 32 340 406 497 646 939 940 1060 
0 0 0 0 0 0 0 0 0 0 0 0 0 0 0 0 0 0 0 0 0 0 0 0 0 0 0 0 0 0 0 0 0 0 0 0 0 0 0 0 0 0 0 0 0 0 0 0 0 0 0 0 0 0 0 0 0 0 0 0 0 0 0 0 0 0 0 0 104 110 135 150 153 157 164 168 171 171 176 176 180 181 193 207 211 220 221 242 261 359 382 461 550 3649 3822 3920 4904 5004 10668 14088 
0 0 0 0 0 0 0 0 0 0 0 0 0 0 0 0 0 0 0 0 0 0 0 0 0 0 0 0 0 0 0 0 0 0 0 0 0 0 0 0 0 0 0 0 0 0 0 0 0 0 0 0 0 0 0 0 0 0 0 0 0 0 0 0 0 0 0 0 0 104 110 135 150 153 157 164 168 171 171 176 176 180 181 193 207 211 220 220 242 261 359 382 461 550 3423 3531 4189 4242 7758 7810 
0 0 0 0 0 0 0 0 0 0 0 0 0 0 0 0 0 0 0 0 0 0 0 0 0 0 0 0 0 0 0 0 0 0 0 0 0 0 0 0 0 0 0 0 0 0 0 0 0 0 0 0 0 0 0 0 0 0 0 0 6 7 7 8 8 8 8 9 10 12 112 120 144 155 160 163 172 173 179 181 183 183 188 188 202 219 220 224 233 261 278 319 391 409 482 492 550 715 719 5662 
0 0 0 0 0 0 0 0 0 0 0 0 0 0 0 0 0 0 0 0 0 0 0 0 0 0 0 0 0 0 0 0 0 0 0 0 0 0 0 0 0 0 0 0 0 0 0 0 0 0 0 0 0 0 0 0 0 0 0 0 0 0 0 0 0 0 0 0 0 0 104 110 135 149 153 157 164 167 171 171 175 176 180 181 193 207 211 220 220 242 261 359 381 461 550 1965 4378 6020 6040 7036 
0 0 0 0 0 0 0 0 0 0 0 0 0 0 0 0 0 0 0 0 0 0 0 0 0 0 0 0 0 0 0 0 0 0 0 0 0 0 0 305 305 310 325 332 338 343 346 348 349 356 363 363 369 374 375 378 383 383 387 392 429 434 443 445 449 480 487 514 531 546 560 578 580 586 594 619 632 673 677 707 710 730 747 762 766 776 781 788 833 845 851 860 868 881 897 914 944 953 954 1187 
0 0 0 0 0 0 0 0 0 0 0 0 0 0 0 0 0 0 0 0 0 0 0 0 0 0 0 0 0 0 0 0 0 0 0 0 0 0 0 271 272 280 286 290 293 295 303 307 320 322 322 331 337 339 339 342 345 350 354 355 383 392 396 400 406 424 434 455 466 483 508 514 516 523 528 536 580 587 594 633 644 674 687 691 695 700 706 710 757 760 773 795 814 841 860 868 897 944 954 1040 
0 0 0 0 0 0 0 0 0 0 0 0 0 0 0 0 0 0 0 0 0 0 0 0 0 0 0 0 0 0 0 0 0 0 0 0 0 0 0 271 272 280 286 290 293 295 303 307 320 321 322 331 337 338 339 342 345 350 354 355 383 392 396 400 406 423 434 455 466 483 508 514 516 523 528 536 580 586 594 632 644 674 685 691 695 699 706 710 757 760 773 795 814 840 860 868 897 944 954 1040 
0 0 0 0 0 0 0 0 0 0 0 0 0 0 0 0 0 0 0 0 0 0 0 0 0 0 0 0 0 0 0 0 0 0 198 286 298 304 403 414 422 439 439 445 448 458 459 469 477 485 487 490 495 504 507 514 529 575 579 583 589 621 638 643 659 680 701 715 720 727 730 731 760 782 810 814 830 833 840 858 859 915 921 930 940 956 1019 1031 1035 1060 1067 1069 1072 1138 1145 1154 1229 1231 1294 1386 
0 0 0 0 0 0 0 0 0 0 0 0 0 0 0 0 0 0 0 0 0 0 0 0 0 0 0 0 0 0 0 0 0 0 198 286 298 304 410 420 422 445 448 454 457 465 466 478 484 490 497 498 503 512 514 523 535 574 579 583 589 629 651 652 672 691 707 722 726 730 737 739 779 782 814 818 830 833 840 859 870 915 921 940 956 957 1019 1031 1035 1067 1071 1081 1100 1138 1144 1153 1228 1231 1294 1386 
0 0 0 0 0 0 0 0 0 0 0 0 0 0 0 0 0 0 0 0 0 0 0 0 0 0 0 0 0 0 0 0 0 0 0 0 0 0 0 270 272 279 285 290 292 294 303 306 320 321 322 331 336 337 339 341 343 349 354 354 383 392 395 399 405 423 433 454 466 483 508 514 515 523 528 535 579 586 594 632 643 674 685 691 695 698 705 710 756 759 772 795 812 839 860 868 897 944 954 1040 
0 0 0 0 0 0 0 0 0 0 0 0 0 0 0 0 0 0 0 0 0 0 0 0 0 0 0 0 0 0 0 0 0 0 0 0 0 0 0 38 40 45 45 45 49 50 50 51 52 52 54 54 54 55 57 58 58 58 58 61 68 68 69 73 75 76 77 78 82 92 92 93 95 102 102 106 107 107 107 109 111 113 114 115 138 152 157 160 167 174 176 196 203 204 8245 8719 9416 10035 10884 11086 
0 0 0 0 0 0 0 0 0 0 0 0 0 0 0 0 0 0 0 0 0 0 0 0 0 0 0 0 0 0 0 0 0 0 0 0 0 0 0 264 293 296 333 335 339 362 363 377 384 389 404 409 417 431 432 442 454 457 462 468 473 480 486 486 493 503 504 507 509 510 546 557 558 562 572 580 606 619 621 653 663 665 671 683 706 710 724 731 740 748 755 771 778 860 896 991 1189 1194 1340 1415 
0 0 0 0 0 0 0 0 0 0 0 0 0 0 0 0 0 0 0 0 0 0 0 0 0 0 0 0 0 0 0 0 0 0 0 0 0 0 0 0 0 0 0 0 0 0 0 0 0 0 0 0 0 0 0 0 0 0 0 0 0 0 0 0 0 0 0 0 0 0 0 0 0 0 0 0 0 0 0 0 0 0 0 0 0 0 0 0 0 0 0 0 0 0 0 0 0 0 0 0 
0 0 0 0 0 0 0 0 0 0 0 0 0 0 0 0 0 0 0 0 0 0 0 0 0 0 0 0 0 0 0 0 0 0 0 0 0 0 0 0 0 0 0 0 0 0 0 0 0 0 0 0 0 0 0 0 0 0 0 0 6 7 7 7 7 8 8 9 10 12 112 120 144 155 160 163 172 172 179 181 182 182 186 188 202 218 220 224 232 243 260 278 291 335 390 408 457 482 550 622 
0 0 0 0 0 0 0 0 0 0 0 0 0 0 0 0 0 0 0 0 0 0 0 0 0 0 0 0 0 0 0 0 0 0 0 0 0 0 0 0 0 0 0 0 0 0 0 0 0 0 0 0 0 0 0 0 0 0 0 0 0 0 0 0 0 0 0 0 0 0 0 0 0 0 0 0 0 0 0 0 0 0 0 0 0 0 0 0 0 0 0 0 0 0 0 0 0 0 0 0 
0 0 0 0 0 0 0 0 0 0 0 0 0 0 0 0 0 0 0 0 0 0 0 0 0 0 0 0 0 0 0 0 0 0 0 0 0 0 0 255 263 264 271 284 286 292 295 297 299 305 307 315 322 326 328 333 334 339 341 342 351 362 363 377 383 388 392 452 454 460 462 486 486 504 507 508 510 546 558 580 606 619 621 653 671 683 706 710 724 730 731 740 755 778 813 860 867 896 982 990 
0 0 0 0 0 0 0 0 0 0 0 0 0 0 0 0 0 0 0 0 0 0 0 0 0 0 0 0 0 0 0 0 0 0 0 0 0 0 0 255 263 263 271 284 286 292 295 297 299 305 307 314 322 326 327 333 334 339 341 342 351 362 362 377 383 388 392 452 453 460 461 486 486 504 507 507 509 546 558 580 606 619 621 653 671 683 706 710 724 730 731 740 755 778 813 859 867 896 982 990 
0 0 0 0 0 0 0 0 0 0 0 0 0 0 0 0 0 0 0 0 0 0 0 0 0 0 0 0 0 0 0 0 0 0 0 0 0 0 0 173 185 189 197 197 197 199 213 213 220 221 225 227 230 231 232 235 237 245 247 254 254 255 260 264 267 280 295 323 323 341 342 351 353 357 358 361 361 371 380 381 382 393 419 427 430 467 472 473 473 484 498 506 510 525 549 560 562 568 655 718 
0 0 0 0 0 0 0 0 0 0 0 0 0 0 0 0 0 0 0 0 0 0 0 0 0 0 0 0 0 0 0 0 0 0 198 286 298 304 408 418 422 443 445 453 455 463 465 476 478 488 495 496 502 511 513 520 535 574 578 583 588 627 649 650 672 691 703 720 726 728 735 736 778 781 812 815 828 831 840 859 869 914 920 938 956 956 1019 1030 1034 1066 1070 1080 1099 1138 1143 1153 1228 1229 1294 1385 
0 0 0 0 0 0 0 0 0 0 0 0 0 0 0 0 0 0 0 0 0 0 0 0 0 0 0 0 0 0 0 0 0 0 198 286 298 304 408 418 422 443 444 453 454 463 465 476 478 488 495 496 501 510 513 520 535 574 578 583 588 627 648 650 671 691 703 720 726 728 735 735 778 781 812 815 828 830 839 859 869 914 920 938 956 956 1019 1030 1034 1066 1070 1080 1099 1138 1143 1152 1228 1229 1294 1385 
0 0 0 0 0 0 0 0 0 0 0 0 0 0 0 0 0 0 0 0 0 0 0 0 0 0 0 0 0 0 0 0 0 0 198 286 298 304 408 418 422 443 444 453 454 462 465 476 478 487 495 495 501 510 512 520 535 573 578 583 588 626 648 650 671 691 703 720 726 728 735 735 778 781 812 815 828 830 839 859 869 914 920 938 956 956 1019 1030 1034 1066 1070 1080 1099 1138 1142 1152 1227 1229 1294 1385 
0 0 0 0 0 0 0 0 0 0 0 0 0 0 0 0 0 0 0 0 0 0 0 0 0 0 0 0 0 0 0 0 0 0 0 0 0 0 0 0 0 0 0 0 0 0 0 0 0 0 0 0 0 0 0 0 0 0 0 0 0 0 0 0 0 0 0 0 0 0 0 0 0 0 0 0 0 0 0 0 0 0 0 0 0 0 0 0 0 0 0 0 0 0 0 0 0 0 0 0 
0 0 0 0 0 0 0 0 0 0 0 0 0 0 0 0 0 0 0 0 0 0 0 0 0 0 0 0 0 0 0 0 0 0 0 0 0 0 0 0 0 0 0 0 0 0 0 0 0 0 0 0 0 0 0 0 0 0 0 0 0 0 0 0 0 0 0 0 0 0 0 0 0 0 0 0 0 0 0 0 0 0 0 0 0 0 0 0 0 0 0 0 0 0 0 0 0 0 0 0 
0 0 0 0 0 0 0 0 0 0 0 0 0 0 0 0 0 0 0 0 0 0 0 0 0 0 0 0 0 0 0 0 0 0 0 0 0 0 0 0 0 0 0 0 0 0 0 0 0 0 0 0 0 0 0 0 0 0 0 0 0 0 0 0 0 0 0 0 0 0 0 0 0 0 0 0 0 0 0 0 0 0 0 0 0 0 0 0 0 0 0 0 0 0 0 0 0 0 0 0 
0 0 0 0 0 0 0 0 0 0 0 0 0 0 0 0 0 0 0 0 0 0 0 0 0 0 0 0 0 0 0 0 0 0 0 0 0 0 0 0 0 0 0 0 0 0 0 0 0 0 0 0 0 0 0 0 0 0 0 0 0 0 0 0 0 0 0 0 0 0 0 0 0 0 0 0 0 0 0 0 0 0 0 0 0 0 0 0 0 0 0 0 0 0 0 0 0 0 0 0 
0 0 0 0 0 0 0 0 0 0 0 0 0 0 0 0 0 0 0 0 0 0 0 0 0 0 0 0 0 0 0 0 0 0 0 0 0 0 0 0 0 0 0 0 0 0 0 0 0 0 0 0 0 0 0 0 0 0 0 0 0 0 0 0 0 0 0 0 0 0 0 0 0 0 0 0 0 0 0 0 0 0 0 0 0 0 0 0 0 0 0 0 0 0 0 0 0 0 0 0 
0 0 0 0 0 0 0 0 0 0 0 0 0 0 0 0 0 0 0 0 0 0 0 0 0 0 0 0 0 0 0 0 0 0 0 0 0 0 0 0 0 0 0 0 0 0 0 0 0 0 0 0 0 0 0 0 0 0 0 0 0 0 0 0 0 0 0 0 0 0 0 0 0 0 0 0 0 0 0 0 0 0 0 0 0 0 0 0 0 0 0 1153 1173 1397 1522 1734 1924 2196 2835 2851 
0 0 0 0 0 0 0 0 0 0 0 0 0 0 0 0 0 0 0 0 0 0 0 0 0 0 0 0 0 0 0 0 0 0 0 0 0 0 0 0 0 0 0 0 0 0 0 0 0 0 0 0 0 0 0 0 0 0 0 0 0 0 0 0 0 0 0 0 0 0 0 0 0 0 0 0 0 0 0 0 0 0 0 0 0 0 0 0 0 0 0 0 0 0 0 0 0 0 0 1627 
0 0 0 0 0 0 0 0 0 0 0 0 0 0 0 0 0 0 0 0 0 0 0 0 0 0 0 0 0 0 0 0 0 0 0 0 0 0 0 0 0 0 0 0 0 0 0 0 0 0 0 0 0 0 0 0 0 0 0 0 0 0 0 0 0 0 0 0 0 0 0 0 0 0 0 0 0 0 0 0 0 0 0 0 0 0 0 0 0 0 0 0 0 0 0 0 0 0 0 0 
0 0 0 0 0 0 0 0 0 0 0 0 0 0 0 0 0 0 0 0 0 0 0 0 0 0 0 0 0 0 0 0 0 0 0 0 0 0 0 0 0 0 0 0 0 0 0 0 0 0 0 0 0 0 0 0 0 0 0 0 0 0 0 0 0 0 0 0 0 0 0 0 0 0 0 0 0 0 0 0 0 0 0 0 0 0 0 0 0 0 0 0 0 0 0 0 0 0 0 0 
0 0 0 0 0 0 0 0 0 0 0 0 0 0 0 0 0 0 0 0 0 0 0 0 0 0 0 0 0 0 0 0 0 0 0 0 0 0 0 205 218 220 226 226 232 236 240 243 261 261 265 266 270 273 277 279 280 281 281 291 316 319 323 329 329 343 352 354 372 382 391 392 417 418 420 429 445 473 500 521 526 528 529 539 542 576 594 599 602 612 640 643 662 706 710 749 816 823 859 942 
0 0 0 0 0 0 0 0 0 0 0 0 0 0 0 0 0 0 0 0 0 0 0 0 0 0 0 0 0 0 0 0 0 0 0 0 0 0 0 205 218 220 226 226 232 235 240 243 261 261 265 266 270 273 277 279 280 281 281 290 316 319 323 328 329 343 352 354 372 382 391 392 417 418 420 429 444 473 500 520 526 528 528 539 542 576 594 599 602 612 640 643 662 706 710 749 816 823 859 942 
0 0 0 0 0 0 0 0 0 0 0 0 0 0 0 0 0 0 0 0 0 0 0 0 0 0 0 0 0 0 0 0 0 0 0 0 0 0 0 117 119 122 124 129 130 132 135 137 137 138 144 145 145 145 150 151 152 156 160 164 166 178 180 182 184 195 203 206 212 225 226 230 235 236 237 247 252 254 264 270 285 292 297 299 301 301 306 328 337 342 352 352 358 365 365 395 456 467 516 532 
0 0 0 0 0 0 0 0 0 0 0 0 0 0 0 0 0 0 0 0 0 0 0 0 0 0 0 0 0 0 0 0 0 0 0 0 0 0 0 205 218 220 226 226 232 234 240 243 261 261 265 266 270 273 277 279 280 281 281 290 316 319 323 328 329 343 352 354 372 382 391 392 417 417 420 429 443 472 500 520 526 528 528 539 542 576 594 599 602 612 640 643 662 706 710 749 816 823 859 942 
0 0 0 0 0 0 0 0 0 0 0 0 0 0 0 0 0 0 0 0 0 0 0 0 0 0 0 0 0 0 0 0 0 0 0 0 0 0 0 117 119 121 124 129 130 132 135 137 137 137 144 145 145 145 150 151 152 155 160 164 166 178 180 182 184 195 203 206 212 225 226 230 235 236 237 247 252 254 264 270 284 291 297 299 301 301 306 327 336 342 352 352 358 365 365 395 456 467 516 532 
0 0 0 0 0 0 0 0 0 0 0 0 0 0 0 0 0 0 0 0 0 0 0 0 0 0 0 0 0 0 0 0 0 0 0 0 0 0 0 205 217 220 226 226 232 234 240 243 261 261 265 266 269 272 277 279 280 281 281 290 316 319 323 328 329 343 352 354 372 382 390 392 417 417 420 429 443 472 500 520 526 528 528 539 542 576 594 599 601 612 640 643 662 706 710 748 816 823 859 942 
Total Cost: 430377
